

('-------------------new dir: BER------------', './QIM_data/forged/lownoise/deleted/')
('dir count:', 0)


0.0389308749174
0.0150093563119
0.0190317592482
0.00782420713882
0.00330950489807
0.0238431372549
0.0311111111111
0.0223715913441
0.0182946286119
0.0248934659091
0.00871829710145
0.0206876554362
0.0476169337536
0.0253084215955
0.0206429780034
0.0512565851973
0.0123958626796
0.078689285409
0.0131273421155
0.00926295085453
0.00389099471629
0.0235387334674
0.024796811099
0.0430975274725
0.0548469546786
0.0290574268441
0.0393811533052
0.0109342754962
0.0204159149179
0.0166074504737
0.0254880952381
0.011867746381
0.0033517374188
0.0246237866972
0.0143762508339
0.0322204919797
0.00274362477231
0.0260345655928
0.0105016739904
0.0105112719561
0.018413881542
0.00816708746725
0.00317088198608
0.0167647130026
0.0264667864687
0.0773384633558
0.0100984416434
0.00551588278749
0.0139918299455
0.0385624978413
0.0357407198324
0.0151244532985
0.00726314665148
0.0173387447096
0.019247874195
0.0189387842695
0.0233533320431
0.0319135191007
0.00789645827493
0.0371156823712
0.0119250425894
0.0158489763926
0.019928193957
0.0696127991883
('global file count:', 64)
('FN:', 0)
('FP:', 0)


('-------------------new dir: BER------------', './QIM_data/forged/lownoise/added/')
('dir count:', 1)


0.0369061836518
0.0151145348689
0.0179792884711
0.00727373950088
0.00281167743479
0.0224728170005
0.0316789437669
0.0204235679779
0.0181426077431
0.0253347320452
0.0094396813025
0.0205540374002
0.0395933871338
0.02350718065
0.0206142880381
0.0502096970172
0.0148407209473
0.0581279956082
0.0134359801878
0.00854064642507
0.00283694009637
0.0228635987747
0.0242711262395
0.0407060281304
0.0529291430627
0.0286370745616
0.0388820217003
0.0112264440424
0.0200696885318
0.0150531748514
0.0187004862126
0.0123019716554
0.00313768247623
0.0225938566553
0.0135670236936
0.0307941267462
0.0030824324018
0.0251497745661
0.011008163213
0.00935381834614
0.0162460110241
0.00759936963754
0.0023762553802
0.0169179759352
0.0249771504772
0.0611033111033
0.0100239910687
0.00623660105243
0.0113989637306
0.0336573940386
0.0330593029792
0.0160700185723
0.00795908096024
0.0206803015027
0.0156755212796
0.0190904857985
0.0205662393162
0.032818767473
0.00892651727787
0.0311025973758
0.0114655466001
0.0151028981585
0.0204541044052
0.0582955359274
('global file count:', 64)
('FN:', 0)
('FP:', 0)


('-------------------new dir: BER------------', './QIM_data/forged/lownoise/clean/')
('dir count:', 2)


0.000393060692144
0.000196286263887
0.000376670235122
0.000196526395952
0.000397140587768
0.000398190045249
0.000413105413105
0.000337769371073
0.000295455888436
0.000461647727273
0.000314512882448
0.000312266497151
0.000295941166896
0.000218176048237
0.000492231964313
0.000331059101247
0.000160985229605
0.000354181169775
0.000321861277789
0.000318953831433
0.000287158281645
0.000304747973426
0.000448654898104
0.000472184065934
0.000536126176672
0.000307408545958
0.00028129395218
0.000302529361555
0.000300699522046
0.000296080964686
0.000404761904762
0.000364460541452
0.000426584762392
0.000417352316902
0.000322437180342
0.000519072758808
0.0003529143898
0.000207757131913
0.000313873195229
0.000399551273185
0.000320589885389
0.000201510140701
0.000390724794494
0.000387343549519
0.000441375831521
0.000388126698054
0.000460120842263
0.000279077402939
0.000391379858614
0.000328117984319
0.000464165192629
0.000343477364842
0.000379772373933
0.000384753819613
0.000296486047367
0.000295080208166
0.000279551856869
0.000358901474367
0.000404946578201
0.000287547002875
0.000374270817201
0.000332124400515
0.000389957911439
0.000217426754362
('global file count:', 64)
('FN:', 0)
('FP:', 64)
***********************************
