

('-------------------new dir: BER------------', './QIM_data/forged/lownoise/deleted/')
('dir count:', 0)


0.0386271462007
0.0146560410369
0.0187542127592
0.00744343724667
0.0029123643103
0.0233122171946
0.0307834757835
0.0220000450359
0.0179282633103
0.0245975378788
0.00836604267311
0.0203642365642
0.0473209925867
0.0249117378714
0.0201815105368
0.0509255260961
0.0120202304772
0.0784205962457
0.0128974412028
0.00885096882226
0.00357512060648
0.0232217955751
0.0245552276924
0.0427541208791
0.0546225297675
0.0287939338047
0.0390110296839
0.0105669184143
0.0199569524895
0.0162844530577
0.0251785714286
0.0115146752315
0.00302265774495
0.0242899048437
0.0139092728486
0.0318660032664
0.00229963570128
0.0256580057912
0.0102531910442
0.0101424553962
0.0180932916566
0.0077166530351
0.00275010143817
0.0164378918827
0.0260411740597
0.0768153360671
0.00974729679005
0.00528605433801
0.0135026051222
0.0381825717542
0.0355776347647
0.0147809759337
0.00694271371097
0.0169788137171
0.0189395287058
0.0186437040614
0.0231597961422
0.0314541252135
0.00766283524904
0.0367175403672
0.011641113004
0.0153972872079
0.0196189169928
0.0692866590567
('global file count:', 64)
('FN:', 0)
('FP:', 0)


('-------------------new dir: BER------------', './QIM_data/forged/lownoise/added/')
('dir count:', 1)


0.0362427016985
0.0148221595098
0.0176544766709
0.0069469658461
0.00277578368031
0.0220692517901
0.031182492721
0.0199059696342
0.0178801675053
0.0248158550754
0.00906852738497
0.020371858758
0.0394987631291
0.0232048374906
0.0205107729619
0.0499222618534
0.0144739599707
0.0573573193134
0.0130885945449
0.00807051909892
0.00253756450831
0.0225957114737
0.0234818213211
0.0402578399968
0.0519737433684
0.028277207989
0.0384837247631
0.0109724999735
0.0196892926158
0.0146361171932
0.0184398127685
0.0120236465048
0.00271367133079
0.0222070534699
0.0132208157525
0.0304966564337
0.00267446340745
0.0253721203138
0.0108159368472
0.00902244313903
0.0157818392805
0.00722582151404
0.00198768531803
0.0165782104906
0.0243478521449
0.0605914355914
0.0096676880686
0.00558695510947
0.0111130963016
0.0333365418552
0.0331529885704
0.0157475060888
0.00765476315882
0.0206082865236
0.0155726935161
0.0184696569921
0.020196416831
0.0324811258323
0.00888050430221
0.0304022739912
0.0110366922718
0.0147034187704
0.0200530435345
0.0590912707886
('global file count:', 64)
('FN:', 0)
('FP:', 0)


('-------------------new dir: BER------------', './QIM_data/forged/lownoise/clean/')
('dir count:', 2)


0.0
0.0
0.0
0.0
1.20345632657e-05
0.0
0.0
0.0
0.0
0.0
0.0
0.0
0.0
0.0
0.0
0.0
0.0
0.0
0.0
0.0
0.0
0.0
0.0
0.0
0.0
0.0
0.0
0.0
0.0
0.0
0.0
0.0
0.0
0.0
0.0
0.0
0.0
0.0
1.30780498012e-05
0.0
0.0
0.0
0.0
0.0
0.0
0.0
0.0
0.0
0.0
0.0
0.0
0.0
0.0
0.0
0.0
0.0
0.0
0.0
0.0
0.0
0.0
0.0
0.0
0.0
('global file count:', 64)
('FN:', 0)
('FP:', 2)
***********************************
