

('-------------------new dir: BER------------', './QIM_data/forged/highnoise/deleted/')
('dir count:', 0)


0.501366779225
0.500229000641
0.500654216724
0.499238460216
0.500758177486
0.498220211161
0.498831908832
0.502094170101
0.497831353779
0.500260416667
0.50104418277
0.499436805068
0.500747251446
0.501110714427
0.499538532533
0.502216656591
0.500207939255
0.50012823801
0.50100006897
0.501036599952
0.501364001838
0.499579447797
0.499352901589
0.499213026557
0.500006234025
0.499612079692
0.501339847509
0.498492755502
0.497214572848
0.498411929371
0.49980952381
0.499550119019
0.499140736407
0.496923517207
0.498654658661
0.49633483991
0.502128870674
0.498201602327
0.502837936807
0.499577397692
0.50536988058
0.501416497754
0.500383210856
0.49685283366
0.501261073804
0.502590323833
0.498819426786
0.502831814824
0.498715784839
0.502003246641
0.501423858091
0.498671887523
0.502403247054
0.499757977436
0.499258784882
0.50193143409
0.497387265338
0.502576912586
0.498411363424
0.499093120991
0.499677352744
0.500431761721
0.500853873358
0.49837835879
('global file count:', 64)
('FN:', 0)
('FP:', 0)


('-------------------new dir: BER------------', './QIM_data/forged/highnoise/added/')
('dir count:', 1)


0.497959792994
0.500216103526
0.500095532882
0.500847190957
0.499724814549
0.499994234783
0.500436071865
0.498997153209
0.496320131448
0.498888926489
0.5004515706
0.503606065477
0.498452221636
0.499829931973
0.49996303033
0.501783404539
0.501087184324
0.500802347923
0.499641408369
0.500006529546
0.499187409118
0.500564892787
0.499087366188
0.500270231081
0.502270479273
0.501335658625
0.499848921851
0.497709212879
0.495534151945
0.498631529559
0.500957691567
0.499660443316
0.499545702344
0.497827076223
0.498063399329
0.5021893815
0.499388046508
0.498178000124
0.500096113183
0.497966561229
0.503452277343
0.499188700169
0.498595169775
0.499361475285
0.497745014309
0.502164502165
0.5014608423
0.502062625869
0.500363289858
0.498780761703
0.497552463931
0.501929514341
0.502756417009
0.497983580585
0.499285918309
0.49899115319
0.496219592373
0.499236929892
0.499409500146
0.497414982801
0.501910924433
0.497880181956
0.497820040106
0.501838147529
('global file count:', 64)
('FN:', 0)
('FP:', 0)


('-------------------new dir: BER------------', './QIM_data/forged/highnoise/clean/')
('dir count:', 2)


0.497722034625
0.50177311925
0.502497918401
0.501228289975
0.500481382531
0.499475113122
0.501851851852
0.50326510392
0.500939549725
0.500935132576
0.500339673913
0.500864309055
0.497477101552
0.495438137173
0.501630518382
0.498071220888
0.497202881636
0.497685609253
0.50452904798
0.500279084603
0.502756719504
0.49907966112
0.503218236096
0.498282967033
0.498148494483
0.500446474317
0.496898364054
0.496299417631
0.500633051625
0.50301464255
0.499428571429
0.499652623546
0.499823272027
0.499713815554
0.501945741606
0.500284857002
0.498656648452
0.499785750458
0.498443712074
0.498301907089
0.49805642382
0.499448810497
0.501314939212
0.500447865979
0.496074907784
0.501020941967
0.502355092206
0.502897480095
0.498899244148
0.498290332608
0.496857476196
0.501568546633
0.501097779518
0.496841295255
0.500741215118
0.49860507538
0.503365374277
0.49775327677
0.49641778027
0.500287547003
0.502710236952
0.500538041529
0.497492167225
0.500081535033
('global file count:', 64)
('FN:', 0)
('FP:', 64)
***********************************
