

('-------------------new dir: BER------------', './QIM_data/forged/highnoise/deleted/')
('dir count:', 0)


0.038680745386
0.0146822125388
0.0188136870069
0.00749256884565
0.00292439887356
0.0233122171946
0.0307977207977
0.022011304015
0.0179518997814
0.0246212121212
0.0083912037037
0.0203753889391
0.0473209925867
0.0249117378714
0.0201968927857
0.0509399199701
0.0120738922204
0.0784450225333
0.0129434213854
0.00885096882226
0.00358947852056
0.023233985494
0.02457248365
0.0427970467033
0.0546474658687
0.0288378493113
0.0390406395736
0.0105777230344
0.0199886050707
0.016311369509
0.0252380952381
0.0115602327992
0.00305922215316
0.0243137535475
0.0139426284189
0.0318786635776
0.00229963570128
0.0257099450742
0.0102793471438
0.0101424553962
0.0181534022602
0.00772850657279
0.0027951850683
0.0164621008546
0.0260727009048
0.0768322111409
0.00977151367649
0.00528605433801
0.0135026051222
0.0382171104894
0.0356027247751
0.0148382221612
0.00695458159765
0.0170036365442
0.0189751070315
0.0186705295348
0.0231597961422
0.0314684812725
0.00767841011743
0.0367175403672
0.0116669247845
0.0154105721839
0.0196189169928
0.0692866590567
('global file count:', 64)
('FN:', 0)
('FP:', 0)


('-------------------new dir: BER------------', './QIM_data/forged/highnoise/added/')
('dir count:', 1)


0.0365578556263
0.0148094475377
0.0176735832474
0.00695906857406
0.00262024407753
0.0219308865751
0.0316521085752
0.0199383195307
0.0178801675053
0.0250978534285
0.00919224535748
0.020371858758
0.0394582099842
0.0232993197279
0.0204072578856
0.0502227622519
0.0145001571833
0.057452334199
0.0130998005334
0.00807051909892
0.00256607646908
0.0226423005696
0.0239258053377
0.0402710220008
0.051793903426
0.0283325720771
0.0384150528774
0.0108666899449
0.019719724289
0.0147012824523
0.0184851472805
0.0120347795108
0.00272578593494
0.0222411831627
0.0132316347506
0.0302229837462
0.00270846082364
0.0253968253968
0.0108031217562
0.00902244313903
0.0158011797698
0.0072374948929
0.0020325203252
0.0166250746898
0.0245576182556
0.0605914355914
0.0096676880686
0.0058792957838
0.0111250074445
0.0330959027176
0.0324854787334
0.015947686251
0.00766646768964
0.0204402515723
0.0157212225079
0.01890941073
0.0202580539119
0.032562159826
0.00868111474102
0.0303816762446
0.010998852184
0.0147034187704
0.0198977941652
0.0588525503302
('global file count:', 64)
('FN:', 0)
('FP:', 0)


('-------------------new dir: BER------------', './QIM_data/forged/highnoise/clean/')
('dir count:', 2)


3.57327901949e-05
2.61715018516e-05
9.91237460846e-05
0.0
1.20345632657e-05
2.41327300151e-05
5.69800569801e-05
4.50359161431e-05
5.90911776872e-05
1.18371212121e-05
2.51610305958e-05
2.23047497965e-05
2.95941166896e-05
1.98341862033e-05
3.07644977696e-05
2.87877479345e-05
1.34154358004e-05
1.22131437853e-05
2.29900912707e-05
3.98692289291e-05
2.87158281645e-05
1.2189918937e-05
3.45119152387e-05
1.43086080586e-05
1.24680506203e-05
1.46385021885e-05
1.48049448516e-05
6.48277203332e-05
0.0
6.72911283376e-05
7.14285714286e-05
3.41681757611e-05
2.43762721367e-05
1.19243519115e-05
3.33555703803e-05
0.0
2.27686703097e-05
3.89544622336e-05
3.92341494036e-05
3.0734713322e-05
4.00737356736e-05
5.92676884416e-05
3.00557534226e-05
4.84179436899e-05
0.0
1.68750738284e-05
2.42168864349e-05
4.92489534597e-05
1.22306205817e-05
6.9077470383e-05
2.50900104124e-05
6.86954729683e-05
3.56036600563e-05
4.96456541436e-05
2.37188837893e-05
2.68254734696e-05
0.0
0.0
0.0
0.0
3.87176707449e-05
3.98549280619e-05
4.03404735972e-05
3.62377923937e-05
('global file count:', 64)
('FN:', 0)
('FP:', 56)
***********************************
