

('-------------------new dir: BER------------', './QIM_data/forged/nonoise/deleted/')
('dir count:', 0)


0.0386271462007
0.0146560410369
0.0187542127592
0.00744343724667
0.0029123643103
0.0233122171946
0.0307834757835
0.0220000450359
0.0179282633103
0.0245975378788
0.00836604267311
0.0203642365642
0.0473209925867
0.0249117378714
0.0201815105368
0.0509255260961
0.0120202304772
0.0784205962457
0.0128974412028
0.00885096882226
0.00357512060648
0.0232217955751
0.0245552276924
0.0427541208791
0.0546225297675
0.0287939338047
0.0390110296839
0.0105669184143
0.0199569524895
0.0162844530577
0.0251785714286
0.0115146752315
0.00302265774495
0.0242899048437
0.0139092728486
0.0318660032664
0.00228825136612
0.0256580057912
0.0102531910442
0.0101424553962
0.0180932916566
0.0077166530351
0.00275010143817
0.0164378918827
0.0260411740597
0.0768153360671
0.00974729679005
0.00528605433801
0.0135026051222
0.0381825717542
0.0355776347647
0.0147809759337
0.00694271371097
0.0169788137171
0.0189395287058
0.0186437040614
0.0231597961422
0.0314541252135
0.00766283524904
0.0367175403672
0.011641113004
0.0153972872079
0.0196189169928
0.0692685401605
('global file count:', 64)
('FN:', 0)
('FP:', 0)


('-------------------new dir: BER------------', './QIM_data/forged/nonoise/added/')
('dir count:', 1)


0.0363588110403
0.014834871482
0.0176544766709
0.0069469658461
0.00276381909548
0.0230262778604
0.0311690751251
0.0198520531401
0.0178801675053
0.0260115280927
0.00913038637123
0.0204040079301
0.0376468361788
0.023223733938
0.0205255608299
0.0493996524648
0.0144739599707
0.0573573193134
0.0130885945449
0.00807051909892
0.00253756450831
0.0223511187207
0.0233996020588
0.0402578399968
0.0514791835267
0.028277207989
0.039513803049
0.0105492598588
0.0196892926158
0.0146230841414
0.0184398127685
0.0120236465048
0.0026288691017
0.0222070534699
0.0132208157525
0.0294138644963
0.00267446340745
0.0257550491014
0.0107903066651
0.00921825576141
0.0157818392805
0.00722582151404
0.00198768531803
0.0165782104906
0.0249022340091
0.0605183105183
0.00969144160194
0.00558695510947
0.0111130963016
0.033224243591
0.031419805134
0.0159699284912
0.00761964956635
0.0207763214749
0.0149900028563
0.0190128821977
0.020196416831
0.0324811258323
0.00888050430221
0.0305052627243
0.0113141862489
0.0147034187704
0.0200142311922
0.0606031670247
('global file count:', 64)
('FN:', 0)
('FP:', 0)


('-------------------new dir: BER------------', './QIM_data/forged/nonoise/clean/')
('dir count:', 2)


0.0
0.0
0.0
0.0
0.0
0.0
0.0
0.0
0.0
0.0
0.0
0.0
0.0
0.0
0.0
0.0
0.0
0.0
0.0
0.0
0.0
0.0
0.0
0.0
0.0
0.0
0.0
0.0
0.0
0.0
0.0
0.0
0.0
0.0
0.0
0.0
0.0
0.0
0.0
0.0
0.0
0.0
0.0
0.0
0.0
0.0
0.0
0.0
0.0
0.0
0.0
0.0
0.0
0.0
0.0
0.0
0.0
0.0
0.0
0.0
0.0
0.0
0.0
0.0
('global file count:', 64)
('FN:', 0)
('FP:', 0)
***********************************
