

('-------------------new dir: Dist------------', './QIM_data/forged/nonoise/deleted/')
('dir count:', 0)


0.24354141592277914
0.14731775162774988
0.09968263881691435
0.23904629931560636
0.17347351876035974
0.11786909914171971
0.19026667225371166
0.20455088650272885
0.24412461240271655
0.2285912256928663
0.13408493497373963
0.14610290586836558
0.22858197222476778
0.17180240855188553
0.1275269999742614
0.1778174303868987
0.24082645122314966
0.23858993029893868
0.10338000942580335
0.19039670177897702
0.18266188296312802
0.12557692661366768
0.17997831049285148
0.2469722088533992
0.1680096176270992
0.19710752671230694
0.14223675932962215
0.18126633207401374
0.16621459461017943
0.12377804865231279
0.07926075128829316
0.1478342880173091
0.23037062623864915
0.22498522001075544
0.19284081905427317
0.186009861140277
0.23031963439976744
0.221147311925928
0.17669981840357205
0.11287728535658872
0.1904411344635339
0.22549037518897103
0.23927054784049032
0.1070200866094227
0.1723048605377685
0.23239336017235965
0.14561417903073293
0.21272768036693748
0.10123565053075916
0.1206502246211877
0.17796735442774084
0.09016023935793739
0.17873377095717022
0.11111544974724466
0.2151991407005857
0.14373549778530495
0.2004118147185245
0.10430824334890569
0.12857729382312305
0.1529705268343646
0.11303419277411618
0.20091815724519094
0.24609532484906607
0.19783020146259514
('global file count:', 64)
('FN:', 0)
('FP:', 0)


('-------------------new dir: Dist------------', './QIM_data/forged/nonoise/added/')
('dir count:', 1)


0.24354141592277914
0.1687355606348004
0.09968263881691435
0.23904629931560636
0.17347350796261238
0.11786909914171971
0.19026667225371166
0.20455088650272885
0.24412461240271655
0.2285912256928663
0.10185096878287446
0.14610290586836558
0.22858197222476778
0.17180240855188553
0.1275269999742614
0.16647492425104063
0.24082645122314966
0.23858993029893868
0.10338000942580335
0.19039670177897702
0.37719656761482767
0.12557692661366768
0.21607516277856884
0.24977677541017684
0.1680096176270992
0.2863574696324149
0.14223675932962215
0.18126633207401374
0.2692950816041704
0.12377804865231279
0.15125154378355538
0.1478342880173091
0.22637190311171973
0.22498522001075544
0.19284081905427317
0.186009861140277
0.40503151496758205
0.2968935676252776
0.17669981840357205
0.11287728535658872
0.1904411344635339
0.22549037518897103
0.23927054357519312
0.1070200866094227
0.1723048605377685
0.23239336017235965
0.14628145241381138
0.25836551688357884
0.11601379113374549
0.2151595515319961
0.18495067730018075
0.09016023935793739
0.195117586240874
0.08818326234149143
0.23548438872061603
0.14373549778530495
0.2004118147185245
0.10430824334890569
0.12857729382312305
0.1404909610741781
0.11303419277411618
0.20091815724519094
0.24609532484906607
0.19783020146259514
('global file count:', 64)
('FN:', 0)
('FP:', 0)


('-------------------new dir: Dist------------', './QIM_data/forged/nonoise/clean/')
('dir count:', 2)


0.19783020146259514
0.19783020146259514
0.19783020146259514
0.19783020146259514
0.19783020146259514
0.19783020146259514
0.19783020146259514
0.19783020146259514
0.19783020146259514
0.19783020146259514
0.19783020146259514
0.19783020146259514
0.19783020146259514
0.19783020146259514
0.19783020146259514
0.19783020146259514
0.19783020146259514
0.19783020146259514
0.19783020146259514
0.19783020146259514
0.19783020146259514
0.19783020146259514
0.19783020146259514
0.19783020146259514
0.19783020146259514
0.19783020146259514
0.19783020146259514
0.19783020146259514
0.19783020146259514
0.19783020146259514
0.19783020146259514
0.19783020146259514
0.19783020146259514
0.19783020146259514
0.19783020146259514
0.19783020146259514
0.19783020146259514
0.19783020146259514
0.19783020146259514
0.19783020146259514
0.19783020146259514
0.19783020146259514
0.19783020146259514
0.19783020146259514
0.19783020146259514
0.19783020146259514
0.19783020146259514
0.19783020146259514
0.19783020146259514
0.19783020146259514
0.19783020146259514
0.19783020146259514
0.19783020146259514
0.19783020146259514
0.19783020146259514
0.19783020146259514
0.19783020146259514
0.19783020146259514
0.19783020146259514
0.19783020146259514
0.19783020146259514
0.19783020146259514
0.19783020146259514
0.19783020146259514
('global file count:', 64)
('FN:', 0)
('FP:', 0)
***********************************
