

('-------------------new dir: Dist------------', './QIM_data/forged/lownoise/deleted/')
('dir count:', 0)


0.24354141592277914
0.14731775162774988
0.09968263881691435
0.23904629931560636
0.17347351876035974
0.11786909914171971
0.19026667225371166
0.20455088650272885
0.24412461240271655
0.2285912256928663
0.13408493497373963
0.14610290586836558
0.22858197222476778
0.17180240855188553
0.1275269999742614
0.1778174303868987
0.24082645122314966
0.23858993029893868
0.10338000942580335
0.19039670177897702
0.18266188296312802
0.12557692661366768
0.17997831049285148
0.2469722088533992
0.1680096176270992
0.19710752671230694
0.14223675932962215
0.18126633207401374
0.16621459461017943
0.12377804865231279
0.07926075128829316
0.1478342880173091
0.23037062623864915
0.22498522001075544
0.19284081905427317
0.186009861140277
22.454769237513087
0.221147311925928
0.17669981840357205
0.11287728535658872
0.1904411344635339
0.22549037518897103
0.23927054784049032
0.1070200866094227
0.1723048605377685
0.23239336017235965
0.14561417903073293
0.21272768036693748
0.10123565053075916
0.1206502246211877
0.17796735442774084
0.09016023935793739
0.17873377095717022
0.11111544974724466
0.2151991407005857
0.14373549778530495
0.2004118147185245
0.10430824334890569
0.12857729382312305
0.1529705268343646
0.11303419277411618
0.20091815724519094
0.24609532484906607
2.3552224072591716
('global file count:', 64)
('FN:', 0)
('FP:', 0)


('-------------------new dir: Dist------------', './QIM_data/forged/lownoise/added/')
('dir count:', 1)


0.23829165589395906
0.16980550708684242
0.094890784917762
0.24277434641130843
0.17343032891508087
0.11868401655026045
0.18714179615399348
0.20450533016756042
0.24205779968775346
0.22659602427069794
0.09937376784039971
0.14299698004297423
0.2283024871066879
0.1659735284620711
0.12721846352032679
0.1640115049536369
0.23421659222809235
0.23624025130300483
0.10577940915235813
0.19160286029550824
0.374580716006738
0.1261112195199908
0.20893768663631473
0.2471743149417624
0.16593031047372675
0.2807174085195292
0.13801173790750682
0.17865947503987198
0.2664397892647509
2.8886847577231958
0.14638328051834051
0.14647453570939373
0.22721560891108689
0.22248532985019664
0.18940283824223178
0.18319846670464215
0.4019790573419606
0.2940685507786547
0.17130444632975872
0.11006256771717729
0.18835723039548988
0.22406890112390127
0.23679028337980068
0.10431461964559813
0.17255966491862587
0.22304305436389524
0.14540692771984018
0.2468277752687512
0.11362209896282191
0.11954419995858222
0.1788476128416004
0.08930094310681966
0.19202586850505016
0.08858629667524068
0.2326236235354892
0.14630698981631102
0.1965284588008433
0.10696247255439215
0.12692542457293257
0.13525607448390506
0.11198676724809868
0.1985169554218631
0.24280819938409
0.19714950620974966
('global file count:', 64)
('FN:', 0)
('FP:', 0)


('-------------------new dir: Dist------------', './QIM_data/forged/lownoise/clean/')
('dir count:', 2)


0.19714950620974966
0.19714950620974966
0.19714950620974966
0.19714950620974966
11.09298084152637
11.09298084152637
11.09298084152637
11.09298084152637
11.09298084152637
11.09298084152637
11.09298084152637
11.09298084152637
11.09298084152637
11.09298084152637
11.09298084152637
11.09298084152637
11.09298084152637
11.09298084152637
11.09298084152637
11.09298084152637
11.09298084152637
11.09298084152637
11.09298084152637
11.09298084152637
11.09298084152637
11.09298084152637
11.09298084152637
11.09298084152637
11.09298084152637
11.09298084152637
11.09298084152637
11.09298084152637
11.09298084152637
11.09298084152637
11.09298084152637
11.09298084152637
11.09298084152637
11.09298084152637
7.629362234577537
7.629362234577537
7.629362234577537
7.629362234577537
7.629362234577537
7.629362234577537
7.629362234577537
7.629362234577537
7.629362234577537
7.629362234577537
7.629362234577537
7.629362234577537
7.629362234577537
7.629362234577537
7.629362234577537
7.629362234577537
7.629362234577537
7.629362234577537
7.629362234577537
7.629362234577537
7.629362234577537
7.629362234577537
7.629362234577537
7.629362234577537
7.629362234577537
7.629362234577537
('global file count:', 64)
('FN:', 0)
('FP:', 2)
***********************************
