

('-------------------new dir: Dist------------', './QIM_data/forged/highnoise/deleted/')
('dir count:', 0)


42.40575856166644
54.184635599925905
58.59836716891499
52.94884557621003
57.4827280307808
32.30579226735529
57.21469131879277
33.63592835079566
61.929959109224015
53.48641884369649
55.75313280989857
22.092262688011978
64.95948155091384
78.63158062105182
40.93258921155531
58.66440522809305
39.18704505591737
38.82182278491293
68.7887252357754
59.756707264943714
29.57573652155252
56.52465131078086
37.71768134368029
53.96258442123419
38.63294439440176
44.01233383219122
51.51791682613697
41.134854462180705
45.8231786361255
64.19256877958315
59.43748100212944
25.99943987579312
49.40614631170995
69.33986945326225
49.85534778293138
70.85947336003504
42.386240562621005
55.724250663022666
58.38317123172858
47.37012485683154
49.248267858925104
66.87187537003344
43.87129095714761
44.78125028384087
63.67059075580604
62.89860910451089
61.6916816365431
30.49536153944454
56.9455849300389
64.5388640816546
50.195898219466784
49.329983333534514
50.462277149717494
68.99859422601727
33.89267457283169
71.21133074919209
43.29899870763499
39.17086135246581
51.662755290466386
29.261425354226162
62.07112777277607
29.66893683494853
58.03345175802049
52.343975807146464
('global file count:', 64)
('FN:', 0)
('FP:', 0)


('-------------------new dir: Dist------------', './QIM_data/forged/highnoise/added/')
('dir count:', 1)


42.22381389668499
53.29957424100988
50.114806592169714
55.462146858002065
47.76348059981573
55.57562585965153
53.0270311663561
51.149024718796646
59.94686495648403
58.60148449619814
72.67594578439247
54.199144014817804
58.338778764790305
47.06663231858403
31.10490582422285
56.82514100969324
66.86450652259037
37.18205569985522
49.72650383952023
41.287934793589116
52.243550565894274
58.505862986167436
37.0345934739408
55.184827357740865
44.58038285339899
41.60905003727164
50.86272152159723
40.14298222630582
32.63718269807721
63.457723008728195
62.216291290262504
52.15469026211007
41.86767703481809
75.98112809257184
49.57223927280839
55.28460702000223
46.07158083819768
44.371566050227614
59.772613767093596
53.1416311010671
44.76902509986349
77.63215750723933
34.522429822613354
36.76839370581357
63.95604691978041
62.2918191673331
69.03662425950483
31.039582885522336
70.1134732885889
62.47224414161707
36.4871533767967
51.35253389659561
34.749240906998594
44.1583283384127
68.04046479232565
60.1547746515933
57.47212587588695
67.50166285124519
58.26639786544418
56.38531011524551
60.26823354989876
62.89757024334975
37.85469080885174
51.0111829648078
('global file count:', 64)
('FN:', 0)
('FP:', 0)


('-------------------new dir: Dist------------', './QIM_data/forged/highnoise/clean/')
('dir count:', 2)


46.81915221325207
55.37105244339094
73.85937108753298
53.6333480926684
51.71091965586372
27.388933879430102
71.51449240033206
52.67333279431964
54.576362734426105
33.16425699428795
77.1778379772584
62.928938743672425
66.42490357951249
70.6738493939277
57.5868729114154
57.62913484103279
61.75830480051722
38.15091290732087
74.71350451409134
73.8840174608953
49.592401829671914
78.52818424258828
33.374224178467244
46.044268097248036
54.72858575777475
61.60287648768358
52.58595105205919
33.91702864106063
63.70884622877962
65.84240268585455
47.5531080320119
59.32494544147349
27.181297080876817
58.756985700624476
40.48313817089779
53.51194613916696
46.51780619577629
57.376734885051405
62.743776502380115
53.44280588833375
65.39540238154517
70.10269791182321
32.463169055979726
52.27921478341293
65.0337176001354
47.13895701135888
68.41818993086837
31.098021534879635
58.47262874405194
52.863918081765796
31.88812168345762
40.89414335650388
52.63650451442633
48.30402856946561
31.31137434502944
70.90294901968245
57.92063639819665
38.747659346459784
59.15202240713266
56.619945718092104
60.643952682391976
26.94989506651348
34.65883037198694
56.662010125301805
('global file count:', 64)
('FN:', 0)
('FP:', 64)
***********************************
