

('-------------------new dir: BER------------', './QIM_data/forged/lownoise/deleted/')
('dir count:', 0)


42.77999353609148
27.706573090715654
67.40370837317225
21.586015484460837
25.45278744254879
23.3134402287317
20.74274194335215
51.99832912479293
26.46409526494679
15.8485804890161
26.697173700469857
22.098323050129743
40.14493185037124
69.43361174610772
58.162035895685065
56.45839195454162
18.959396339228757
38.44094581458956
43.787842306398204
25.750142077862552
26.569484331366688
30.686127274130985
25.24317668218129
59.269787971388325
28.058176277109876
49.82860390842645
15.168914882393498
41.03290359904746
34.87903949594512
26.36146179803049
33.471205863213925
59.29419217225462
24.418787463443966
42.66231511162734
22.77575979779699
22.918668275002986
39.03174258356464
19.093256464246572
23.109704493137112
46.2729568658049
26.980279946836752
59.4712299084612
30.374250345232223
24.70219101746792
23.70867418652113
42.16326634871349
27.489435420103828
13.63578930462901
20.190757133585432
62.95344358719679
9.952375297390914
58.76508285500354
16.80246927878416
27.71679299249524
31.62672616023512
40.44407555023324
29.846475569670666
68.84566176553837
16.316780846390394
45.16007202057196
52.07330675425572
26.725621529896838
21.219769298374853
63.77475177249658
('global file count:', 64)
('FN:', 0)
('FP:', 0)


('-------------------new dir: BER------------', './QIM_data/forged/lownoise/added/')
('dir count:', 1)


38.151210478936946
24.48918079124612
57.363328364311094
18.19111573925013
25.342895442221263
10.052253668139704
36.669243900942696
39.3669400221477
45.78663950464732
12.0184719665568
54.55635604054959
20.807707870188047
40.940251308549286
46.017580383300704
21.855772616039488
56.24050749385828
25.132484286879343
34.94021682593439
63.838974495597284
43.60365203655859
20.534399752887722
56.1304975564721
14.708519885282415
35.15539535569141
70.56722215743399
22.04241179856486
21.250905416700576
20.84853267429167
26.72893890181952
31.06240853354793
68.99867937163259
16.799407313889084
43.727488937896894
41.221299034501584
29.232859393864278
22.839724884781415
38.53868834787132
44.38538191303714
14.3000822203468
18.506097125630077
54.203843745614776
67.42922353828273
35.30416460288027
28.961937765043576
18.903131074277443
48.75264916941062
34.550709202874685
31.080347394364715
27.040379268388683
63.521022176051964
15.406197322876244
43.5142554365968
54.986952099613404
65.67578893388233
12.048561250571359
45.58725379112771
57.03955740473655
69.48073836685397
39.08510316436961
39.354130446578615
46.479451798056026
18.56571839334215
8.996351981625049
28.97149830523242
('global file count:', 64)
('FN:', 0)
('FP:', 0)


('-------------------new dir: BER------------', './QIM_data/forged/lownoise/clean/')
('dir count:', 2)


32.161587792161235
36.30018862879719
66.83012164996252
12.525353063838248
25.07717973741889
32.620383035011876
48.33877072512722
46.847614350994334
36.483896485469415
36.70153615751705
24.866734964468748
17.112240453002084
38.5025865831147
59.143402652743596
28.411120142566773
33.560978588935775
16.385181326488087
31.380900156105934
39.89867113644096
48.285959402857294
27.885756368497034
35.179712943802876
32.034542207373406
44.17177485593325
56.25109700090275
30.896807011586656
21.12919893474288
38.991889064774924
8.674432088683284
25.855251805947574
27.839710244586364
21.6540410362814
24.09970469219061
60.22665961216791
59.51943046151434
45.32082622991489
42.06894342464719
14.520265801980274
16.26617762837835
59.91966941985831
21.648572545352213
64.84829924962753
29.747115112864567
39.63035605135439
54.28683083421924
50.58647150429989
33.49859781252855
19.742159696733676
59.99772915528986
38.707687184058734
19.77027237140569
45.389744212065736
18.02725530638417
36.27152421894637
17.270407807956307
64.8669415535691
22.624037725019626
51.50054601696093
51.61538392645692
12.920445030292084
44.33854061727851
30.535583403910127
52.13464723366043
41.96636554846935
('global file count:', 64)
('FN:', 0)
('FP:', 64)
***********************************
