

('-------------------new dir: Dist------------', './QIM_data/forged/highnoise/deleted/')
('dir count:', 0)


19.137751592568275
7.737273417036438
23.93079526180085
17.863058758338312
16.987776421280554
0.11786909914171971
10.427466870027603
3.513165103834067
3.067129998672343
6.691603136025864
13.993088734280029
0.2685504518081295
0.22858197222476778
0.17180240855188553
11.176979701974094
0.1778174303868987
11.04634285983357
24.394395701226003
15.792762690200083
0.19039670177897702
16.322103274464528
4.084614007503367
38.806329097034556
29.294683676497304
2.77125805486189
7.503764611869071
24.43636874384734
0.21167661134284407
3.414821464084956
8.5236838761057
29.130544151606983
11.122897089843487
26.326222357807307
5.156152076249059
7.987597947389019
5.423395965659999
21.680365659012534
9.371889964380278
7.5735630009560895
10.72973315254363
7.906307303426169
8.197922169573296
22.88777602079182
19.261132811865917
30.95538641819504
21.698649212365922
24.24473731871064
0.21272768036693748
0.10123565053075916
2.2610988107866286
36.363402913574916
23.32781059148153
8.869229704867823
9.291112509402934
20.50744545789692
13.234291257655993
5.382591391038552
4.276781044088401
13.184986613695802
0.1529705268343646
5.591586447533594
41.84127706509327
0.24609532484906607
16.10731091855932
('global file count:', 64)
('FN:', 0)
('FP:', 0)


('-------------------new dir: Dist------------', './QIM_data/forged/highnoise/added/')
('dir count:', 1)


8.606496770190112
8.209383956933687
34.511832185669455
0.879939759887279
19.34409131830676
33.94881790292305
1.6737529010975158
4.4815310089186156
0.24059793047138037
4.992434595023719
6.350901639342375
0.14376319310279045
12.896005162656985
0.17073436002549222
8.924869495097393
2.1616402718419856
14.480768852186081
37.52539113020079
9.022936351582882
22.028285372165044
22.642702249628606
10.213448462193353
29.584970799785342
16.784728184842926
2.9800465710362802
10.881467978394435
35.93224971116196
5.395719796937413
8.10920663650794
16.245800867837726
8.287163111234156
7.494154171272618
17.991863193369763
32.35927319683053
8.014131761178964
41.10509036502952
33.25291276209923
4.679108414392022
9.952311784998976
9.552419496749668
14.911687398825444
10.006876053389549
20.455151105695123
8.400887374372246
50.21482397509449
0.2392187059717045
7.207245441346258
11.056576424089748
6.876220377320733
5.987639918544655
17.239542207598582
7.0445124285157
0.190090048803372
23.75630115714959
0.22140408888270385
0.1413644850743988
14.951917694990623
10.562867917466063
13.201298453691264
4.903082674579095
0.11001308315798113
0.19595179110035013
7.345582892408098
22.694794189113384
('global file count:', 64)
('FN:', 0)
('FP:', 0)


('-------------------new dir: Dist------------', './QIM_data/forged/highnoise/clean/')
('dir count:', 2)


7.357851623517719
45.25344148384869
24.70749568071775
24.70749568071775
16.33973917178464
5.234542577390021
49.78884876883253
9.446522207068295
27.527878285786606
3.0406088295062497
9.141470409888298
8.399140452477516
9.13338649274026
43.69529594960198
4.093199469655229
9.407270162390635
23.582696164062412
29.294567226351404
18.759533489738775
12.765662290272777
8.060983855483915
12.134912340328224
12.645034709959281
6.857508196709587
20.95592476588402
2.2131987160189897
7.485493607072003
23.436940473090434
23.436940473090434
10.991125817822462
13.628063389835239
24.19207620999508
15.149181277765551
11.09939685098966
6.79035872449449
6.79035872449449
39.119151615939934
6.640243663339045
7.877448524122209
14.521711806792954
25.478399787141647
11.222868055066485
15.384854381394135
47.6246310725132
47.6246310725132
7.4754355004776585
13.3105831493906
12.914343208360984
6.175848202795501
17.87879641723833
4.022940657599741
15.695055224025555
14.36821970392591
16.654439753876492
5.640179682197215
10.226199540487952
10.226199540487952
10.226199540487952
10.226199540487952
10.226199540487952
40.14773536344134
5.757764837964077
7.797899878773089
2.2634737660716824
('global file count:', 64)
('FN:', 0)
('FP:', 56)
***********************************
