

('-------------------new dir: Distortion-------------', './QIM_data/forged/lownoise/deleted/')
('dir count:', 0)


0.24354141592277914
0.14731775162774988
0.09968263881691435
0.23904629931560636
0.17347351876035974
0.11786909914171971
0.19026667225371166
0.20455088650272885
0.24412461240271655
0.2285912256928663
0.13408493497373963
0.14610290586836558
0.22858197222476778
0.17180240855188553
0.1275269999742614
0.1778174303868987
0.24082645122314966
0.23858993029893868
0.10338000942580335
0.19039670177897702
0.18266188296312802
0.12557692661366768
0.17997831049285148
0.2469722088533992
0.1680096176270992
0.19710752671230694
0.14223675932962215
0.18126633207401374
0.16621459461017943
0.12377804865231279
0.07926075128829316
0.1478342880173091
0.23037062623864915
0.22498522001075544
0.19284081905427317
0.186009861140277
0.23031963439976744
0.221147311925928
0.17669981840357205
0.11287728535658872
0.1904411344635339
0.22549037518897103
0.23927054784049032
0.1070200866094227
0.1723048605377685
0.23239336017235965
0.14561417903073293
0.21272768036693748
0.10123565053075916
0.1206502246211877
0.17796735442774084
0.09016023935793739
0.17873377095717022
0.11111544974724466
0.2151991407005857
0.14373549778530495
0.2004118147185245
0.10430824334890569
0.12857729382312305
0.1529705268343646
0.11303419277411618
0.20091815724519094
0.24609532484906607
0.19783020146259514
('global file count:', 64)
('FN:', 0)
('FP:', 0)


('-------------------new dir: BER-------------', './QIM_data/forged/lownoise/added/')
('dir count:', 1)


0.2420663233401921
0.17103021655889578
0.09838965100551607
0.23997008632681538
0.1707852529572015
0.1185239360607686
0.18920587168862493
0.2048697194037291
0.24314569235647437
0.22835055757516254
0.10095185652921469
0.14444916047271109
0.22804160465867576
0.16992953363171523
0.12717395546712373
0.16645766419122135
0.23851579881198715
0.2370995865883226
0.10287894440700492
0.1886230258151161
0.37589795771909795
0.12367468936050326
0.21477676121315348
0.24963086230890338
0.16882182472257787
0.28357538934537396
0.14155379616412272
0.17852804115845403
0.2697838385139782
0.12230964473674233
0.14894263880481484
0.14759279238920023
0.22650260494199004
0.2245509444095317
0.19104047466812338
0.18424097439916348
0.40447543033881894
0.2926464594255661
0.17425812041626068
0.11230224094435437
0.19027963180538887
0.2268533007478685
0.23882043344156062
0.108971338710682
0.17088018985093065
0.2304931293024583
0.1458368265182694
0.25704661046142
0.11331585748522478
0.2136311816603759
0.18491656317212846
0.09069608110890598
0.19349931244968555
0.08894485333355796
0.23339218270774073
0.14434216088454213
0.20009306785198805
0.10141392806181178
0.1277177661010689
0.1373498930415606
0.1133065476613457
0.19891196172353698
0.243765954157175
0.1974324388084368
('global file count:', 64)
('FN:', 0)
('FP:', 0)


('-------------------new dir: BER-------------', './QIM_data/forged/lownoise/clean/')
('dir count:', 2)


0.1974324388084368
0.1974324388084368
0.1974324388084368
0.1974324388084368
0.1974324388084368
0.1974324388084368
0.1974324388084368
0.1974324388084368
0.1974324388084368
0.1974324388084368
0.1974324388084368
0.1974324388084368
0.1974324388084368
0.1974324388084368
0.1974324388084368
0.1974324388084368
0.1974324388084368
0.1974324388084368
0.1974324388084368
0.1974324388084368
0.1974324388084368
0.1974324388084368
0.1974324388084368
0.1974324388084368
0.1974324388084368
0.1974324388084368
0.1974324388084368
0.1974324388084368
0.1974324388084368
0.1974324388084368
0.1974324388084368
0.1974324388084368
0.1974324388084368
0.1974324388084368
0.1974324388084368
0.1974324388084368
0.1974324388084368
0.1974324388084368
0.1974324388084368
0.1974324388084368
0.1974324388084368
0.1974324388084368
0.1974324388084368
0.1974324388084368
0.1974324388084368
0.1974324388084368
0.1974324388084368
0.1974324388084368
0.1974324388084368
0.1974324388084368
0.1974324388084368
0.1974324388084368
0.1974324388084368
0.1974324388084368
0.1974324388084368
0.1974324388084368
0.1974324388084368
0.1974324388084368
0.1974324388084368
0.1974324388084368
0.1974324388084368
0.1974324388084368
0.1974324388084368
0.1974324388084368
('global file count:', 64)
('FN:', 0)
('FP:', 0)
***********************************
('spin count', 0)
('spin count', 1)
('spin count', 2)
('spin count', 3)
('spin count', 4)
('spin count', 5)
('spin count', 6)
('spin count', 7)
('spin count', 8)
('spin count', 9)
('spin count', 10)
('spin count', 11)
('spin count', 12)
('spin count', 13)
('spin count', 14)
('spin count', 15)
('spin count', 16)
('spin count', 17)
('spin count', 18)
('spin count', 19)
